# MIRROR_L camera calibration matrix K
fx: 240
fy: 240
px: 240
py: 240
# rotation matrix R (in deg)
yaw:    -90
pitch:  0
roll:   45
# vehicle coords of camera origin
XCam: 0.723626293455123
YCam: -1.0696515769016628
ZCam: 1.1523280185876699
